97821761637600
93163582512000
65214507758400
55898149507200
48910880818800
46581791256000
32607253879200
27949074753600
26985313555200
18632716502400
13492656777600
9316358251200
8995104518400
6746328388800
4497552259200
3373164194400
3212537328000
2248776129600
1927522396800
1686582097200
1606268664000
1124388064800
963761198400
642507465600
481880599200
321253732800
293318625600
240940299600
160626866400
146659312800
128501493120
97772875200
80313433200
73329656400
64250746560
48886437600
41902660800
27935107200
20951330400
13967553600
10475665200
6983776800
5587021440
4655851200
3491888400
2793510720
2327925600
2205403200
2095133040